0 0.344531 0.711458 0.0640625 0.0895833
0 0.167969 0.902083 0.0890625 0.1875
0 0.877344 0.802083 0.0734375 0.15
0 0.560938 0.816667 0.128125 0.358333
0 0.728906 0.897917 0.0859375 0.191667
0 0.253906 0.842708 0.0828125 0.11875
0 0.3375 0.846875 0.2625 0.302083
0 0.100781 0.85625 0.135937 0.270833
0 0.94375 0.89375 0.109375 0.208333
0 0.583594 0.948958 0.0609375 0.102083
0 0.958594 0.936458 0.0828125 0.127083
0 0.464063 0.903125 0.078125 0.19375
0 0.658594 0.8875 0.142188 0.220833
0 0.242188 0.944792 0.134375 0.110417
0 0.811719 0.903125 0.157813 0.19375
