0 0.307813 0.229167 0.1125 0.15
0 0.946094 0.278125 0.107813 0.24375
0 0.624219 0.175 0.120312 0.225
0 0.957812 0.8125 0.084375 0.354167
0 0.115625 0.597917 0.228125 0.445833
0 0.610937 0.420833 0.128125 0.241667
0 0.491406 0.55625 0.132812 0.4125
0 0.339844 0.538542 0.279687 0.49375
0 0.128125 0.29375 0.1375 0.25
0 0.0390625 0.267708 0.078125 0.24375
0 0.813281 0.617708 0.245312 0.75625
0 0.153125 0.779167 0.30625 0.441667
0 0.529688 0.216667 0.184375 0.304167
0 0.638281 0.733333 0.301562 0.533333
0 0.375781 0.783333 0.367188 0.433333
