0 0.354688 0.666667 0.059375 0.125
0 0.269531 0.842708 0.0703125 0.23125
0 0.833594 0.722917 0.0671875 0.108333
0 0.14375 0.83125 0.078125 0.254167
0 0.978125 0.684375 0.04375 0.135417
0 0.78125 0.84375 0.0625 0.225
0 0.898438 0.838542 0.06875 0.222917
0 0.840625 0.840625 0.078125 0.227083
0 0.728906 0.836458 0.0671875 0.239583
0 0.446094 0.839583 0.0640625 0.233333
0 0.619531 0.842708 0.0734375 0.23125
0 0.0726563 0.8375 0.104687 0.25
0 0.211719 0.836458 0.0859375 0.247917
0 0.504687 0.841667 0.071875 0.2375
0 0.385938 0.844792 0.075 0.222917
0 0.330469 0.841667 0.0703125 0.2375
0 0.9625 0.828125 0.06875 0.24375
