0 0.81875 0.603125 0.05625 0.11875
0 0.754687 0.783333 0.059375 0.2375
0 0.232031 0.780208 0.0734375 0.247917
0 0.917188 0.784375 0.071875 0.227083
0 0.532031 0.7875 0.0671875 0.241667
0 0.417969 0.790625 0.0703125 0.239583
0 0.158594 0.786458 0.0890625 0.24375
0 0.859375 0.783333 0.0625 0.225
0 0.7 0.786458 0.071875 0.239583
0 0.296875 0.78125 0.090625 0.241667
0 0.588281 0.786458 0.0703125 0.24375
0 0.46875 0.792708 0.075 0.222917
0 0.807813 0.782292 0.065625 0.239583
0 0.970312 0.780208 0.059375 0.235417
