0 0.821875 0.573958 0.05625 0.127083
0 0.0828125 0.725 0.05625 0.2125
0 0.139844 0.726042 0.0765625 0.20625
0 0.896875 0.695833 0.053125 0.2
0 0.85625 0.705208 0.059375 0.20625
0 0.396094 0.721875 0.0609375 0.210417
0 0.64375 0.717708 0.05625 0.20625
0 0.021875 0.729167 0.040625 0.208333
0 0.598437 0.713542 0.059375 0.21875
0 0.346094 0.726042 0.0546875 0.202083
0 0.74375 0.7125 0.065625 0.216667
0 0.802344 0.708333 0.0609375 0.2125
0 0.292188 0.730208 0.065625 0.19375
0 0.24375 0.728125 0.05625 0.20625
