0 0.958594 0.692708 0.0609375 0.210417
0 0.0835937 0.734375 0.0828125 0.210417
0 0.482812 0.725 0.05 0.208333
0 0.288281 0.729167 0.0578125 0.208333
0 0.751562 0.584375 0.05625 0.127083
0 0.785156 0.7125 0.0546875 0.191667
0 0.630469 0.71875 0.0578125 0.2
0 0.678906 0.717708 0.0609375 0.19375
0 0.336719 0.730208 0.0609375 0.20625
0 0.435156 0.722917 0.0640625 0.220833
0 0.578125 0.721875 0.053125 0.197917
0 0.828906 0.70625 0.0546875 0.2125
0 0.530469 0.720833 0.0609375 0.216667
0 0.188281 0.735417 0.0578125 0.2
0 0.2375 0.7375 0.065625 0.2
0 0.734375 0.713542 0.0625 0.214583
