56 0.489062 0.788542 0.246875 0.277083
67 0.846094 0.483333 0.104687 0.0958333
0 0.736719 0.466667 0.0796875 0.104167
0 0.579687 0.463542 0.06875 0.10625
63 0.530469 0.945833 0.114063 0.108333
62 0.846094 0.483333 0.104687 0.0958333
0 0.704687 0.542708 0.184375 0.260417
14 0.442969 0.0395833 0.101562 0.075
56 0.7625 0.765625 0.26875 0.410417
63 0.380469 0.917708 0.198437 0.164583
0 0.285937 0.395833 0.05 0.145833
0 0.488281 0.596875 0.242188 0.289583
0 0.144531 0.694792 0.220313 0.610417
0 0.642969 0.495833 0.139062 0.2125
