0 0.0109375 0.375 0.021875 0.170833
62 0.845312 0.490625 0.103125 0.0979167
0 0.470313 0.505208 0.046875 0.102083
67 0.845312 0.492708 0.103125 0.102083
0 0.700781 0.552083 0.179688 0.2625
0 0.736719 0.475 0.0796875 0.1125
0 0.0460938 0.725 0.0921875 0.541667
0 0.285937 0.4 0.046875 0.145833
56 0.758594 0.772917 0.251563 0.408333
0 0.578125 0.470833 0.065625 0.125
0 0.489062 0.608333 0.24375 0.304167
63 0.380469 0.91875 0.201562 0.1625
0 0.641406 0.507292 0.139062 0.214583
0 0.153906 0.697917 0.229687 0.604167
