0 0.729688 0.498958 0.10625 0.11875
56 0.488281 0.741667 0.251563 0.479167
24 0.766406 0.748958 0.217187 0.327083
28 0.91875 0.765625 0.1625 0.460417
0 0.177344 0.391667 0.0671875 0.0791667
0 0.530469 0.490625 0.151562 0.172917
0 0.0335938 0.722917 0.0671875 0.541667
0 0.705469 0.565625 0.179688 0.252083
56 0.321875 0.444792 0.053125 0.122917
62 0.842188 0.498958 0.103125 0.08125
0 0.285156 0.411458 0.0453125 0.14375
0 0.571875 0.490625 0.071875 0.152083
63 0.389844 0.923958 0.189063 0.147917
56 0.760938 0.757292 0.221875 0.335417
56 0.395312 0.922917 0.178125 0.15
0 0.485938 0.708333 0.24375 0.475
0 0.639844 0.519792 0.139062 0.214583
0 0.154687 0.711458 0.228125 0.572917
