0 0.564844 0.632292 0.0609375 0.0979167
0 0.300781 0.754167 0.0671875 0.2125
0 0.140625 0.759375 0.065625 0.21875
0 0.778125 0.729167 0.05 0.2125
0 0.561719 0.740625 0.0765625 0.20625
0 0.194531 0.757292 0.0640625 0.222917
0 0.353906 0.75625 0.0578125 0.216667
0 0.729688 0.728125 0.053125 0.21875
0 0.684375 0.7375 0.0625 0.2125
0 0.0335938 0.763542 0.0640625 0.21875
0 0.0828125 0.765625 0.071875 0.214583
0 0.455469 0.75 0.0578125 0.216667
0 0.627344 0.739583 0.0671875 0.2125
0 0.404687 0.747917 0.0625 0.229167
