0 0.325 0.834375 0.059375 0.227083
27 0.614844 0.786458 0.0109375 0.0729167
0 0.7875 0.802083 0.0625 0.220833
0 0.1625 0.839583 0.0875 0.233333
0 0.0953125 0.848958 0.06875 0.23125
0 0.213281 0.838542 0.0671875 0.23125
0 0.498437 0.823958 0.071875 0.227083
0 0.886719 0.792708 0.0703125 0.21875
0 0.682031 0.811458 0.0671875 0.21875
0 0.732813 0.804167 0.065625 0.225
0 0.435156 0.83125 0.0640625 0.225
0 0.552344 0.821875 0.0734375 0.227083
0 0.378906 0.827083 0.0671875 0.241667
0 0.267188 0.838542 0.071875 0.23125
0 0.0367187 0.854167 0.0734375 0.220833
0 0.617188 0.817708 0.075 0.23125
