0 0.842188 0.807292 0.0625 0.227083
0 0.391406 0.709375 0.0609375 0.13125
0 0.602344 0.704167 0.0703125 0.104167
0 0.2375 0.842708 0.0625 0.24375
27 0.667969 0.786458 0.0140625 0.0770833
0 0.359375 0.836458 0.0625 0.24375
0 0.694531 0.653125 0.0671875 0.14375
0 0.732813 0.809375 0.065625 0.227083
0 0.119531 0.846875 0.0734375 0.247917
0 0.475781 0.830208 0.0640625 0.23125
0 0.542188 0.823958 0.078125 0.235417
0 0.179688 0.845833 0.075 0.245833
0 0.788281 0.802083 0.0671875 0.2375
0 0.41875 0.828125 0.071875 0.252083
0 0.0539063 0.852083 0.0828125 0.241667
0 0.605469 0.821875 0.0703125 0.235417
0 0.300781 0.841667 0.0765625 0.241667
0 0.66875 0.814583 0.078125 0.245833
