0 0.284375 0.671875 0.059375 0.114583
0 0.828906 0.751042 0.0671875 0.239583
0 0.6375 0.627083 0.06875 0.145833
27 0.615625 0.741667 0.015625 0.0708333
0 0.8875 0.748958 0.06875 0.222917
0 0.145313 0.796875 0.071875 0.23125
0 0.492969 0.78125 0.0796875 0.225
0 0.679688 0.767708 0.06875 0.222917
0 0.0875 0.801042 0.06875 0.227083
0 0.780469 0.760417 0.0484375 0.225
0 0.428125 0.786458 0.0625 0.21875
0 0.730469 0.7625 0.0609375 0.229167
0 0.261719 0.791667 0.0734375 0.225
0 0.554688 0.776042 0.075 0.227083
0 0.375781 0.785417 0.0703125 0.2375
32 0.0585938 0.880208 0.0265625 0.0354167
0 0.0335938 0.807292 0.0671875 0.227083
0 0.616406 0.769792 0.0703125 0.235417
