0 0.833594 0.691667 0.0640625 0.225
0 0.234375 0.729167 0.0625 0.225
0 0.122656 0.735417 0.0703125 0.225
0 0.786719 0.702083 0.0515625 0.220833
0 0.645312 0.567708 0.065625 0.139583
0 0.559375 0.605208 0.0625 0.10625
0 0.180469 0.735417 0.0671875 0.229167
0 0.2875 0.729167 0.071875 0.216667
27 0.628125 0.682292 0.0125 0.0770833
32 0.0921875 0.814583 0.028125 0.0375
0 0.688281 0.708333 0.0640625 0.2125
0 0.0210938 0.74375 0.0421875 0.225
0 0.736719 0.7 0.0640625 0.220833
0 0.567187 0.715625 0.06875 0.222917
0 0.510938 0.720833 0.071875 0.220833
0 0.446875 0.725 0.059375 0.216667
0 0.0632813 0.745833 0.0734375 0.225
0 0.396094 0.721875 0.0703125 0.235417
0 0.629687 0.711458 0.071875 0.222917
