0 0.513281 0.521875 0.0671875 0.102083
0 0.735156 0.626042 0.0484375 0.210417
0 0.459375 0.630208 0.06875 0.21875
0 0.400781 0.640625 0.0609375 0.21875
0 0.294531 0.629167 0.0546875 0.216667
0 0.601562 0.484375 0.0625 0.127083
0 0.685156 0.623958 0.0609375 0.21875
0 0.13125 0.627083 0.065625 0.204167
0 0.636719 0.628125 0.0609375 0.210417
0 0.242188 0.632292 0.06875 0.214583
0 0.350781 0.629167 0.0671875 0.225
0 0.0265625 0.633333 0.053125 0.208333
32 0.0429688 0.70625 0.0265625 0.0375
0 0.514844 0.63125 0.0703125 0.2125
0 0.579687 0.623958 0.071875 0.222917
